Slot:  0
Epoch: 0
Hash:  11111111111111111111111111111111
Parent Slot: 0
Parent Hash: 11111111111111111111111111111111
Ancestors: [0]
Accounts:
  11111111111111111111111111111111: slot=0, lamports=1, owner=NativeLoader1111111111111111111111111111111, executable=true, rent_epoch=0, data=[115, 121, 115, 116, 101, 109, 95, 112, 114, 111, 103, 114, 97, 109]
  AddressLookupTab1e1111111111111111111111111: slot=0, lamports=1, owner=BPFLoaderUpgradeab1e11111111111111111111111, executable=false, rent_epoch=0, data=[]
  BPFLoader1111111111111111111111111111111111: slot=0, lamports=1, owner=NativeLoader1111111111111111111111111111111, executable=true, rent_epoch=0, data=[115, 111, 108, 97, 110, 97, 95, 98, 112, 102, 95, 108, 111, 97, 100, 101, 114, 95, 100, 101, 112, 114, 101, 99, 97, 116, 101, 100, 95, 112, 114, 111, 103, 114, 97, 109]
  BPFLoader2111111111111111111111111111111111: slot=0, lamports=1, owner=NativeLoader1111111111111111111111111111111, executable=true, rent_epoch=0, data=[115, 111, 108, 97, 110, 97, 95, 98, 112, 102, 95, 108, 111, 97, 100, 101, 114, 95, 112, 114, 111, 103, 114, 97, 109]
  BPFLoaderUpgradeab1e11111111111111111111111: slot=0, lamports=1, owner=NativeLoader1111111111111111111111111111111, executable=true, rent_epoch=0, data=[115, 111, 108, 97, 110, 97, 95, 98, 112, 102, 95, 108, 111, 97, 100, 101, 114, 95, 117, 112, 103, 114, 97, 100, 101, 97, 98, 108, 101, 95, 112, 114, 111, 103, 114, 97, 109]
  ComputeBudget111111111111111111111111111111: slot=0, lamports=1, owner=NativeLoader1111111111111111111111111111111, executable=true, rent_epoch=0, data=[99, 111, 109, 112, 117, 116, 101, 95, 98, 117, 100, 103, 101, 116, 95, 112, 114, 111, 103, 114, 97, 109]
  Config1111111111111111111111111111111111111: slot=0, lamports=1, owner=BPFLoaderUpgradeab1e11111111111111111111111, executable=false, rent_epoch=0, data=[]
  Ed25519SigVerify111111111111111111111111111: slot=0, lamports=1, owner=NativeLoader1111111111111111111111111111111, executable=true, rent_epoch=0, data=[]
  KeccakSecp256k11111111111111111111111111111: slot=0, lamports=1, owner=NativeLoader1111111111111111111111111111111, executable=true, rent_epoch=0, data=[]
  Stake11111111111111111111111111111111111111: slot=0, lamports=1, owner=NativeLoader1111111111111111111111111111111, executable=true, rent_epoch=0, data=[115, 116, 97, 107, 101, 95, 112, 114, 111, 103, 114, 97, 109]
  SysvarC1ock11111111111111111111111111111111: slot=0, lamports=1169280, owner=Sysvar1111111111111111111111111111111111111, executable=false, rent_epoch=0, data=[0, 0, 0, 0, 0, 0, 0, 0, 0, 0, 0, 0, 0, 0, 0, 0, 0, 0, 0, 0, 0, 0, 0, 0, 1, 0, 0, 0, 0, 0, 0, 0, 0, 0, 0, 0, 0, 0, 0, 0]
  SysvarEpochSchedu1e111111111111111111111111: slot=0, lamports=1120560, owner=Sysvar1111111111111111111111111111111111111, executable=false, rent_epoch=0, data=[128, 151, 6, 0, 0, 0, 0, 0, 128, 151, 6, 0, 0, 0, 0, 0, 1, 14, 0, 0, 0, 0, 0, 0, 0, 224, 255, 7, 0, 0, 0, 0, 0]
  SysvarRecentB1ockHashes11111111111111111111: slot=0, lamports=42706560, owner=Sysvar1111111111111111111111111111111111111, executable=false, rent_epoch=0, data=[1, 0, 0, 0, 0, 0, 0, 0, 161, 89, 96, 64, 80, 23, 12, 69, 0, 0, 0, 0, 0, 0, 0, 0, 0, 0, 0, 0, 0, 0, 0, 0, 0, 0, 0, 0, 0, 0, 0, 0, 0, 0, 0, 0, 0, 0, 0, 0, 0, 0, 0, 0, 0, 0, 0, 0, 0, 0, 0, 0, 0, 0, 0, 0, 0, 0, 0, 0, 0, 0, 0, 0, 0, 0, 0, 0, 0, 0, 0, 0, 0, 0, 0, 0, 0, 0, 0, 0, 0, 0, 0, 0, 0, 0, 0, 0, 0, 0, 0, 0, 0, 0, 0, 0, 0, 0, 0, 0, 0, 0, 0, 0, 0, 0, 0, 0, 0, 0, 0, 0, 0, 0, 0, 0, 0, 0, 0, 0, 0, 0, 0, 0, 0, 0, 0, 0, 0, 0, 0, 0, 0, 0, 0, 0, 0, 0, 0, 0, 0, 0, 0, 0, 0, 0, 0, 0, 0, 0, 0, 0, 0, 0, 0, 0, 0, 0, 0, 0, 0, 0, 0, 0, 0, 0, 0, 0, 0, 0, 0, 0, 0, 0, 0, 0, 0, 0, 0, 0, 0, 0, 0, 0, 0, 0, 0, 0, 0, 0, 0, 0, 0, 0, 0, 0, 0, 0, 0, 0, 0, 0, 0, 0, 0, 0, 0, 0, 0, 0, 0, 0, 0, 0, 0, 0, 0, 0, 0, 0, 0, 0, 0, 0, 0, 0, 0, 0, 0, 0, 0, 0, 0, 0, 0, 0, 0, 0, 0, 0, 0, 0, 0, 0, 0, 0, 0, 0, 0, 0, 0, 0, 0, 0, 0, 0, 0, 0, 0, 0, 0, 0, 0, 0, 0, 0, 0, 0, 0, 0, 0, 0, 0, 0, 0, 0, 0, 0, 0, 0, 0, 0, 0, 0, 0, 0, 0, 0, 0, 0, 0, 0, 0, 0, 0, 0, 0, 0, 0, 0, 0, 0, 0, 0, 0, 0, 0, 0, 0, 0, 0, 0, 0, 0, 0, 0, 0, 0, 0, 0, 0, 0, 0, 0, 0, 0, 0, 0, 0, 0, 0, 0, 0, 0, 0, 0, 0, 0, 0, 0, 0, 0, 0, 0, 0, 0, 0, 0, 0, 0, 0, 0, 0, 0, 0, 0, 0, 0, 0, 0, 0, 0, 0, 0, 0, 0, 0, 0, 0, 0, 0, 0, 0, 0, 0, 0, 0, 0, 0, 0, 0, 0, 0, 0, 0, 0, 0, 0, 0, 0, 0, 0, 0, 0, 0, 0, 0, 0, 0, 0, 0, 0, 0, 0, 0, 0, 0, 0, 0, 0, 0, 0, 0, 0, 0, 0, 0, 0, 0, 0, 0, 0, 0, 0, 0, 0, 0, 0, 0, 0, 0, 0, 0, 0, 0, 0, 0, 0, 0, 0, 0, 0, 0, 0, 0, 0, 0, 0, 0, 0, 0, 0, 0, 0, 0, 0, 0, 0, 0, 0, 0, 0, 0, 0, 0, 0, 0, 0, 0, 0, 0, 0, 0, 0, 0, 0, 0, 0, 0, 0, 0, 0, 0, 0, 0, 0, 0, 0, 0, 0, 0, 0, 0, 0, 0, 0, 0, 0, 0, 0, 0, 0, 0, 0]
  SysvarRent111111111111111111111111111111111: slot=0, lamports=1009200, owner=Sysvar1111111111111111111111111111111111111, executable=false, rent_epoch=0, data=[152, 13, 0, 0, 0, 0, 0, 0, 0, 0, 0, 0, 0, 0, 0, 64, 50]
  SysvarStakeHistory1111111111111111111111111: slot=0, lamports=114979200, owner=Sysvar1111111111111111111111111111111111111, executable=false, rent_epoch=0, data=[0, 0, 0, 0, 0, 0, 0, 0, 0, 0, 0, 0, 0, 0, 0, 0, 0, 0, 0, 0, 0, 0, 0, 0, 0, 0, 0, 0, 0, 0, 0, 0, 0, 0, 0, 0, 0, 0, 0, 0, 0, 0, 0, 0, 0, 0, 0, 0, 0, 0, 0, 0, 0, 0, 0, 0, 0, 0, 0, 0, 0, 0, 0, 0, 0, 0, 0, 0, 0, 0, 0, 0, 0, 0, 0, 0, 0, 0, 0, 0, 0, 0, 0, 0, 0, 0, 0, 0, 0, 0, 0, 0, 0, 0, 0, 0, 0, 0, 0, 0, 0, 0, 0, 0, 0, 0, 0, 0, 0, 0, 0, 0, 0, 0, 0, 0, 0, 0, 0, 0, 0, 0, 0, 0, 0, 0, 0, 0, 0, 0, 0, 0, 0, 0, 0, 0, 0, 0, 0, 0, 0, 0, 0, 0, 0, 0, 0, 0, 0, 0, 0, 0, 0, 0, 0, 0, 0, 0, 0, 0, 0, 0, 0, 0, 0, 0, 0, 0, 0, 0, 0, 0, 0, 0, 0, 0, 0, 0, 0, 0, 0, 0, 0, 0, 0, 0, 0, 0, 0, 0, 0, 0, 0, 0, 0, 0, 0, 0, 0, 0, 0, 0, 0, 0, 0, 0, 0, 0, 0, 0, 0, 0, 0, 0, 0, 0, 0, 0, 0, 0, 0, 0, 0, 0, 0, 0, 0, 0, 0, 0, 0, 0, 0, 0, 0, 0, 0, 0, 0, 0, 0, 0, 0, 0, 0, 0, 0, 0, 0, 0, 0, 0, 0, 0, 0, 0, 0, 0, 0, 0, 0, 0, 0, 0, 0, 0, 0, 0, 0, 0, 0, 0, 0, 0, 0, 0, 0, 0, 0, 0, 0, 0, 0, 0, 0, 0, 0, 0, 0, 0, 0, 0, 0, 0, 0, 0, 0, 0, 0, 0, 0, 0, 0, 0, 0, 0, 0, 0, 0, 0, 0, 0, 0, 0, 0, 0, 0, 0, 0, 0, 0, 0, 0, 0, 0, 0, 0, 0, 0, 0, 0, 0, 0, 0, 0, 0, 0, 0, 0, 0, 0, 0, 0, 0, 0, 0, 0, 0, 0, 0, 0, 0, 0, 0, 0, 0, 0, 0, 0, 0, 0, 0, 0, 0, 0, 0, 0, 0, 0, 0, 0, 0, 0, 0, 0, 0, 0, 0, 0, 0, 0, 0, 0, 0, 0, 0, 0, 0, 0, 0, 0, 0, 0, 0, 0, 0, 0, 0, 0, 0, 0, 0, 0, 0, 0, 0, 0, 0, 0, 0, 0, 0, 0, 0, 0, 0, 0, 0, 0, 0, 0, 0, 0, 0, 0, 0, 0, 0, 0, 0, 0, 0, 0, 0, 0, 0, 0, 0, 0, 0, 0, 0, 0, 0, 0, 0, 0, 0, 0, 0, 0, 0, 0, 0, 0, 0, 0, 0, 0, 0, 0, 0, 0, 0, 0, 0, 0, 0, 0, 0, 0, 0, 0, 0, 0, 0, 0, 0, 0, 0, 0, 0, 0, 0, 0, 0, 0, 0, 0, 0, 0, 0, 0, 0, 0, 0, 0, 0, 0, 0, 0, 0, 0, 0, 0, 0, 0, 0, 0, 0, 0, 0]
  Vote111111111111111111111111111111111111111: slot=0, lamports=1, owner=NativeLoader1111111111111111111111111111111, executable=true, rent_epoch=0, data=[118, 111, 116, 101, 95, 112, 114, 111, 103, 114, 97, 109]

Slot:  0
Epoch: 0
Hash:  11111111111111111111111111111111
Parent Slot: 0
Parent Hash: 11111111111111111111111111111111
Ancestors: [0]
Accounts:
  11111111111111111111111111111111: slot=0, lamports=1, owner=NativeLoader1111111111111111111111111111111, executable=true, rent_epoch=0, data=[115, 121, 115, 116, 101, 109, 95, 112, 114, 111, 103, 114, 97, 109]
  AddressLookupTab1e1111111111111111111111111: slot=0, lamports=1, owner=BPFLoaderUpgradeab1e11111111111111111111111, executable=false, rent_epoch=0, data=[]
  BPFLoader1111111111111111111111111111111111: slot=0, lamports=1, owner=NativeLoader1111111111111111111111111111111, executable=true, rent_epoch=0, data=[115, 111, 108, 97, 110, 97, 95, 98, 112, 102, 95, 108, 111, 97, 100, 101, 114, 95, 100, 101, 112, 114, 101, 99, 97, 116, 101, 100, 95, 112, 114, 111, 103, 114, 97, 109]
  BPFLoader2111111111111111111111111111111111: slot=0, lamports=1, owner=NativeLoader1111111111111111111111111111111, executable=true, rent_epoch=0, data=[115, 111, 108, 97, 110, 97, 95, 98, 112, 102, 95, 108, 111, 97, 100, 101, 114, 95, 112, 114, 111, 103, 114, 97, 109]
  BPFLoaderUpgradeab1e11111111111111111111111: slot=0, lamports=1, owner=NativeLoader1111111111111111111111111111111, executable=true, rent_epoch=0, data=[115, 111, 108, 97, 110, 97, 95, 98, 112, 102, 95, 108, 111, 97, 100, 101, 114, 95, 117, 112, 103, 114, 97, 100, 101, 97, 98, 108, 101, 95, 112, 114, 111, 103, 114, 97, 109]
  ComputeBudget111111111111111111111111111111: slot=0, lamports=1, owner=NativeLoader1111111111111111111111111111111, executable=true, rent_epoch=0, data=[99, 111, 109, 112, 117, 116, 101, 95, 98, 117, 100, 103, 101, 116, 95, 112, 114, 111, 103, 114, 97, 109]
  Config1111111111111111111111111111111111111: slot=0, lamports=1, owner=BPFLoaderUpgradeab1e11111111111111111111111, executable=false, rent_epoch=0, data=[]
  Ed25519SigVerify111111111111111111111111111: slot=0, lamports=1, owner=NativeLoader1111111111111111111111111111111, executable=true, rent_epoch=0, data=[]
  KeccakSecp256k11111111111111111111111111111: slot=0, lamports=1, owner=NativeLoader1111111111111111111111111111111, executable=true, rent_epoch=0, data=[]
  Stake11111111111111111111111111111111111111: slot=0, lamports=1, owner=NativeLoader1111111111111111111111111111111, executable=true, rent_epoch=0, data=[115, 116, 97, 107, 101, 95, 112, 114, 111, 103, 114, 97, 109]
  SysvarC1ock11111111111111111111111111111111: slot=0, lamports=1169280, owner=Sysvar1111111111111111111111111111111111111, executable=false, rent_epoch=0, data=[0, 0, 0, 0, 0, 0, 0, 0, 0, 0, 0, 0, 0, 0, 0, 0, 0, 0, 0, 0, 0, 0, 0, 0, 1, 0, 0, 0, 0, 0, 0, 0, 0, 0, 0, 0, 0, 0, 0, 0]
  SysvarEpochSchedu1e111111111111111111111111: slot=0, lamports=1120560, owner=Sysvar1111111111111111111111111111111111111, executable=false, rent_epoch=0, data=[128, 151, 6, 0, 0, 0, 0, 0, 128, 151, 6, 0, 0, 0, 0, 0, 1, 14, 0, 0, 0, 0, 0, 0, 0, 224, 255, 7, 0, 0, 0, 0, 0]
  SysvarRecentB1ockHashes11111111111111111111: slot=0, lamports=42706560, owner=Sysvar1111111111111111111111111111111111111, executable=false, rent_epoch=0, data=[1, 0, 0, 0, 0, 0, 0, 0, 161, 89, 96, 64, 80, 23, 12, 69, 0, 0, 0, 0, 0, 0, 0, 0, 0, 0, 0, 0, 0, 0, 0, 0, 0, 0, 0, 0, 0, 0, 0, 0, 0, 0, 0, 0, 0, 0, 0, 0, 0, 0, 0, 0, 0, 0, 0, 0, 0, 0, 0, 0, 0, 0, 0, 0, 0, 0, 0, 0, 0, 0, 0, 0, 0, 0, 0, 0, 0, 0, 0, 0, 0, 0, 0, 0, 0, 0, 0, 0, 0, 0, 0, 0, 0, 0, 0, 0, 0, 0, 0, 0, 0, 0, 0, 0, 0, 0, 0, 0, 0, 0, 0, 0, 0, 0, 0, 0, 0, 0, 0, 0, 0, 0, 0, 0, 0, 0, 0, 0, 0, 0, 0, 0, 0, 0, 0, 0, 0, 0, 0, 0, 0, 0, 0, 0, 0, 0, 0, 0, 0, 0, 0, 0, 0, 0, 0, 0, 0, 0, 0, 0, 0, 0, 0, 0, 0, 0, 0, 0, 0, 0, 0, 0, 0, 0, 0, 0, 0, 0, 0, 0, 0, 0, 0, 0, 0, 0, 0, 0, 0, 0, 0, 0, 0, 0, 0, 0, 0, 0, 0, 0, 0, 0, 0, 0, 0, 0, 0, 0, 0, 0, 0, 0, 0, 0, 0, 0, 0, 0, 0, 0, 0, 0, 0, 0, 0, 0, 0, 0, 0, 0, 0, 0, 0, 0, 0, 0, 0, 0, 0, 0, 0, 0, 0, 0, 0, 0, 0, 0, 0, 0, 0, 0, 0, 0, 0, 0, 0, 0, 0, 0, 0, 0, 0, 0, 0, 0, 0, 0, 0, 0, 0, 0, 0, 0, 0, 0, 0, 0, 0, 0, 0, 0, 0, 0, 0, 0, 0, 0, 0, 0, 0, 0, 0, 0, 0, 0, 0, 0, 0, 0, 0, 0, 0, 0, 0, 0, 0, 0, 0, 0, 0, 0, 0, 0, 0, 0, 0, 0, 0, 0, 0, 0, 0, 0, 0, 0, 0, 0, 0, 0, 0, 0, 0, 0, 0, 0, 0, 0, 0, 0, 0, 0, 0, 0, 0, 0, 0, 0, 0, 0, 0, 0, 0, 0, 0, 0, 0, 0, 0, 0, 0, 0, 0, 0, 0, 0, 0, 0, 0, 0, 0, 0, 0, 0, 0, 0, 0, 0, 0, 0, 0, 0, 0, 0, 0, 0, 0, 0, 0, 0, 0, 0, 0, 0, 0, 0, 0, 0, 0, 0, 0, 0, 0, 0, 0, 0, 0, 0, 0, 0, 0, 0, 0, 0, 0, 0, 0, 0, 0, 0, 0, 0, 0, 0, 0, 0, 0, 0, 0, 0, 0, 0, 0, 0, 0, 0, 0, 0, 0, 0, 0, 0, 0, 0, 0, 0, 0, 0, 0, 0, 0, 0, 0, 0, 0, 0, 0, 0, 0, 0, 0, 0, 0, 0, 0, 0, 0, 0, 0, 0, 0, 0, 0, 0, 0, 0, 0, 0, 0, 0, 0, 0, 0, 0, 0, 0, 0, 0, 0, 0, 0, 0, 0, 0, 0, 0, 0, 0, 0, 0, 0, 0, 0, 0, 0, 0, 0, 0, 0, 0, 0, 0]
  SysvarRent111111111111111111111111111111111: slot=0, lamports=1009200, owner=Sysvar1111111111111111111111111111111111111, executable=false, rent_epoch=0, data=[152, 13, 0, 0, 0, 0, 0, 0, 0, 0, 0, 0, 0, 0, 0, 64, 50]
  SysvarStakeHistory1111111111111111111111111: slot=0, lamports=114979200, owner=Sysvar1111111111111111111111111111111111111, executable=false, rent_epoch=0, data=[0, 0, 0, 0, 0, 0, 0, 0, 0, 0, 0, 0, 0, 0, 0, 0, 0, 0, 0, 0, 0, 0, 0, 0, 0, 0, 0, 0, 0, 0, 0, 0, 0, 0, 0, 0, 0, 0, 0, 0, 0, 0, 0, 0, 0, 0, 0, 0, 0, 0, 0, 0, 0, 0, 0, 0, 0, 0, 0, 0, 0, 0, 0, 0, 0, 0, 0, 0, 0, 0, 0, 0, 0, 0, 0, 0, 0, 0, 0, 0, 0, 0, 0, 0, 0, 0, 0, 0, 0, 0, 0, 0, 0, 0, 0, 0, 0, 0, 0, 0, 0, 0, 0, 0, 0, 0, 0, 0, 0, 0, 0, 0, 0, 0, 0, 0, 0, 0, 0, 0, 0, 0, 0, 0, 0, 0, 0, 0, 0, 0, 0, 0, 0, 0, 0, 0, 0, 0, 0, 0, 0, 0, 0, 0, 0, 0, 0, 0, 0, 0, 0, 0, 0, 0, 0, 0, 0, 0, 0, 0, 0, 0, 0, 0, 0, 0, 0, 0, 0, 0, 0, 0, 0, 0, 0, 0, 0, 0, 0, 0, 0, 0, 0, 0, 0, 0, 0, 0, 0, 0, 0, 0, 0, 0, 0, 0, 0, 0, 0, 0, 0, 0, 0, 0, 0, 0, 0, 0, 0, 0, 0, 0, 0, 0, 0, 0, 0, 0, 0, 0, 0, 0, 0, 0, 0, 0, 0, 0, 0, 0, 0, 0, 0, 0, 0, 0, 0, 0, 0, 0, 0, 0, 0, 0, 0, 0, 0, 0, 0, 0, 0, 0, 0, 0, 0, 0, 0, 0, 0, 0, 0, 0, 0, 0, 0, 0, 0, 0, 0, 0, 0, 0, 0, 0, 0, 0, 0, 0, 0, 0, 0, 0, 0, 0, 0, 0, 0, 0, 0, 0, 0, 0, 0, 0, 0, 0, 0, 0, 0, 0, 0, 0, 0, 0, 0, 0, 0, 0, 0, 0, 0, 0, 0, 0, 0, 0, 0, 0, 0, 0, 0, 0, 0, 0, 0, 0, 0, 0, 0, 0, 0, 0, 0, 0, 0, 0, 0, 0, 0, 0, 0, 0, 0, 0, 0, 0, 0, 0, 0, 0, 0, 0, 0, 0, 0, 0, 0, 0, 0, 0, 0, 0, 0, 0, 0, 0, 0, 0, 0, 0, 0, 0, 0, 0, 0, 0, 0, 0, 0, 0, 0, 0, 0, 0, 0, 0, 0, 0, 0, 0, 0, 0, 0, 0, 0, 0, 0, 0, 0, 0, 0, 0, 0, 0, 0, 0, 0, 0, 0, 0, 0, 0, 0, 0, 0, 0, 0, 0, 0, 0, 0, 0, 0, 0, 0, 0, 0, 0, 0, 0, 0, 0, 0, 0, 0, 0, 0, 0, 0, 0, 0, 0, 0, 0, 0, 0, 0, 0, 0, 0, 0, 0, 0, 0, 0, 0, 0, 0, 0, 0, 0, 0, 0, 0, 0, 0, 0, 0, 0, 0, 0, 0, 0, 0, 0, 0, 0, 0, 0, 0, 0, 0, 0, 0, 0, 0, 0, 0, 0, 0, 0, 0, 0, 0, 0, 0, 0, 0, 0, 0, 0, 0, 0, 0, 0, 0, 0, 0, 0, 0, 0, 0]
  Vote111111111111111111111111111111111111111: slot=0, lamports=1, owner=NativeLoader1111111111111111111111111111111, executable=true, rent_epoch=0, data=[118, 111, 116, 101, 95, 112, 114, 111, 103, 114, 97, 109]

